1000 500000
1000 300000
1000 600000
2000 100000
1000 500000
2000 100000
1000 300000
1000 400000
2000 100000
1000 100000
1000 600000
1000 400000
1000 400000
1000 200000
1000 100000
1000 400000
1000 700000
1000 700000
1000 500000
2000 100000
1000 100000
1000 200000
1000 800000
1000 300000
1000 500000
2000 100000
1000 300000
1000 400000
1000 400000
2000 100000
2000 100000
1000 400000
1000 900000
1000 900000
1000 900000
1000 200000
1000 800000
1000 800000
1000 400000
1000 900000